2000
1 7 64
2 40 44
3 87 90
4 30 82
5 10 79
6 10 90
7 65 99
8 100 42
9 60 70
10 59 72
11 90 72
12 54 80
13 39 25
14 31 76
15 3 15
16 77 15
17 60 77
18 87 62
19 18 57
20 33 100
21 82 45
22 1 54
23 21 2
24 7 21
25 3 45
26 41 49
27 60 4
28 71 4
29 70 32
30 40 84
31 8 92
32 29 78
33 14 94
34 20 22
35 1 42
36 86 76
37 27 5
38 36 40
39 76 66
40 37 72
41 8 40
42 32 40
43 78 48
44 77 77
45 57 73
46 41 22
47 87 73
48 75 44
49 3 20
50 67 68
51 98 12
52 60 62
53 81 17
54 31 43
55 59 62
56 18 36
57 5 28
58 65 10
59 39 56
60 99 80
61 95 18
62 92 11
63 93 87
64 74 70
65 49 49
66 27 66
67 22 27
68 100 35
69 90 86
70 74 83
71 81 15
72 77 91
73 9 4
74 21 88
75 61 48
76 11 31
77 83 48
78 55 22
79 36 15
80 10 37
81 59 86
82 32 53
83 83 44
84 80 74
85 12 40
86 91 12
87 94 53
88 3 81
89 21 16
90 3 36
91 37 24
92 10 70
93 42 42
94 68 92
95 50 56
96 73 94
97 42 87
98 27 9
99 59 42
100 90 62
101 39 35
102 35 39
103 62 93
104 38 80
105 67 26
106 25 28
107 29 5
108 10 76
109 48 92
110 50 67
111 83 22
112 63 32
113 49 41
114 77 56
115 91 71
116 48 9
117 47 85
118 96 88
119 68 49
120 94 67
121 44 96
122 37 65
123 64 89
124 63 8
125 97 43
126 22 72
127 8 58
128 16 75
129 46 60
130 2 83
131 7 28
132 34 9
133 72 12
134 43 80
135 38 56
136 97 42
137 8 93
138 67 11
139 80 47
140 15 63
141 88 64
142 65 98
143 68 82
144 61 2
145 4 1
146 30 91
147 65 57
148 47 13
149 6 24
150 83 33
151 96 34
152 49 51
153 75 28
154 89 50
155 77 26
156 70 70
157 38 33
158 89 21
159 38 59
160 99 94
161 16 19
162 82 73
163 28 73
164 97 33
165 24 24
166 55 93
167 40 66
168 23 52
169 52 15
170 22 78
171 100 98
172 92 5
173 17 54
174 35 49
175 13 92
176 4 3
177 45 30
178 78 5
179 55 13
180 8 66
181 32 30
182 37 93
183 45 3
184 80 89
185 97 51
186 46 10
187 55 10
188 27 27
189 11 100
190 7 82
191 30 40
192 56 47
193 87 18
194 68 74
195 27 13
196 60 47
197 44 35
198 92 26
199 90 99
200 6 10
201 94 33
202 46 17
203 34 82
204 51 41
205 9 76
206 15 9
207 100 65
208 93 33
209 64 48
210 94 26
211 90 3
212 43 29
213 75 80
214 24 56
215 11 65
216 84 90
217 60 83
218 88 88
219 81 16
220 42 93
221 12 13
222 56 25
223 78 95
224 88 97
225 48 19
226 64 39
227 30 39
228 47 76
229 72 62
230 71 44
231 79 49
232 81 97
233 79 18
234 3 13
235 70 30
236 78 78
237 75 80
238 10 71
239 49 26
240 58 81
241 98 31
242 67 20
243 63 45
244 70 100
245 61 58
246 15 3
247 100 46
248 68 69
249 52 25
250 19 100
251 18 27
252 62 85
253 62 27
254 73 3
255 49 35
256 87 23
257 29 89
258 1 32
259 64 96
260 54 6
261 21 82
262 25 80
263 45 26
264 60 25
265 84 77
266 94 4
267 16 76
268 65 54
269 39 50
270 1 85
271 98 25
272 86 82
273 8 17
274 30 40
275 5 13
276 46 69
277 81 61
278 16 60
279 2 93
280 81 99
281 82 64
282 94 93
283 89 32
284 4 71
285 85 81
286 90 4
287 70 95
288 68 79
289 69 11
290 70 85
291 33 90
292 79 39
293 49 37
294 39 93
295 52 64
296 57 92
297 93 53
298 84 30
299 77 66
300 34 82
301 22 6
302 76 13
303 79 32
304 51 70
305 59 8
306 89 84
307 62 44
308 90 65
309 59 99
310 95 53
311 74 76
312 35 65
313 55 76
314 46 90
315 50 34
316 78 28
317 88 4
318 59 2
319 98 32
320 94 41
321 2 81
322 46 51
323 98 89
324 46 48
325 44 32
326 72 15
327 68 20
328 19 35
329 79 33
330 30 90
331 34 59
332 68 11
333 13 13
334 57 82
335 96 42
336 41 30
337 96 69
338 47 46
339 80 37
340 13 17
341 37 98
342 11 60
343 12 92
344 42 18
345 53 32
346 15 52
347 75 48
348 22 88
349 38 19
350 79 12
351 5 31
352 7 68
353 30 14
354 21 51
355 54 24
356 36 29
357 97 40
358 91 7
359 40 81
360 52 80
361 76 45
362 11 92
363 21 28
364 38 76
365 50 77
366 28 34
367 6 82
368 82 53
369 25 40
370 36 67
371 73 59
372 49 99
373 52 7
374 44 66
375 37 68
376 35 26
377 10 95
378 76 26
379 30 8
380 23 99
381 42 44
382 24 44
383 51 10
384 56 46
385 5 46
386 24 36
387 10 98
388 13 50
389 81 9
390 94 15
391 76 65
392 51 2
393 63 65
394 57 10
395 5 68
396 32 48
397 1 54
398 61 82
399 95 8
400 75 88
401 88 31
402 44 91
403 10 47
404 76 91
405 10 95
406 19 11
407 65 64
408 2 31
409 93 30
410 66 99
411 51 70
412 50 72
413 21 98
414 74 53
415 66 17
416 21 48
417 4 38
418 59 31
419 61 84
420 56 13
421 34 59
422 40 17
423 24 25
424 25 70
425 40 21
426 71 34
427 61 96
428 82 92
429 37 49
430 48 64
431 55 14
432 16 93
433 41 28
434 45 17
435 88 11
436 52 25
437 69 61
438 35 52
439 90 76
440 7 95
441 79 3
442 15 51
443 24 11
444 81 39
445 91 99
446 40 95
447 26 39
448 47 84
449 8 78
450 25 97
451 76 29
452 83 97
453 28 89
454 78 80
455 44 50
456 28 7
457 4 92
458 63 22
459 56 53
460 92 19
461 15 24
462 29 93
463 63 31
464 27 93
465 35 98
466 23 53
467 14 37
468 40 44
469 15 30
470 98 7
471 62 38
472 26 63
473 31 84
474 71 10
475 63 39
476 30 2
477 44 75
478 93 81
479 30 2
480 68 55
481 83 85
482 49 77
483 68 58
484 80 20
485 56 80
486 74 14
487 93 72
488 88 38
489 30 16
490 79 58
491 21 10
492 69 36
493 52 94
494 14 12
495 63 31
496 86 30
497 93 89
498 4 67
499 77 90
500 33 51
501 41 64
502 42 13
503 63 29
504 69 5
505 81 52
506 31 1
507 86 88
508 75 87
509 18 57
510 95 25
511 82 78
512 35 6
513 52 13
514 12 53
515 74 79
516 33 85
517 5 96
518 39 22
519 100 65
520 32 46
521 50 90
522 22 1
523 29 69
524 46 3
525 6 37
526 19 47
527 37 33
528 53 16
529 86 35
530 80 43
531 33 20
532 86 66
533 23 56
534 63 78
535 87 71
536 12 79
537 2 97
538 66 6
539 94 29
540 89 2
541 83 93
542 21 3
543 65 81
544 48 80
545 79 53
546 78 98
547 37 83
548 50 38
549 36 91
550 60 56
551 41 52
552 14 24
553 27 72
554 89 39
555 81 67
556 16 85
557 52 92
558 89 61
559 88 1
560 98 85
561 15 58
562 43 31
563 79 60
564 45 73
565 100 43
566 43 35
567 16 36
568 22 79
569 94 24
570 51 8
571 53 67
572 66 81
573 16 43
574 93 2
575 22 78
576 80 69
577 46 34
578 20 28
579 78 46
580 93 19
581 60 6
582 23 68
583 25 3
584 47 31
585 35 88
586 91 43
587 73 81
588 54 3
589 63 67
590 30 5
591 18 52
592 29 51
593 85 73
594 9 2
595 32 33
596 71 80
597 52 100
598 81 94
599 100 46
600 88 89
601 52 54
602 93 53
603 64 47
604 46 45
605 79 85
606 5 75
607 31 85
608 8 69
609 27 30
610 52 60
611 81 39
612 5 15
613 21 78
614 46 63
615 65 45
616 28 40
617 40 32
618 87 19
619 85 26
620 52 90
621 85 36
622 31 73
623 5 56
624 22 56
625 87 89
626 44 4
627 8 54
628 72 68
629 78 50
630 18 95
631 37 81
632 48 35
633 53 31
634 61 97
635 49 59
636 50 53
637 97 18
638 53 94
639 89 77
640 38 32
641 72 63
642 55 56
643 63 22
644 40 15
645 69 40
646 2 56
647 59 60
648 67 94
649 74 72
650 10 62
651 51 63
652 39 43
653 15 50
654 1 53
655 79 40
656 47 26
657 72 13
658 98 7
659 100 33
660 27 45
661 75 63
662 71 63
663 46 75
664 14 40
665 30 21
666 7 62
667 26 36
668 4 53
669 36 67
670 62 4
671 81 85
672 37 20
673 80 100
674 4 86
675 59 54
676 87 60
677 39 26
678 54 18
679 67 87
680 14 59
681 16 49
682 95 10
683 39 1
684 18 74
685 85 32
686 87 82
687 4 93
688 99 22
689 33 53
690 31 64
691 55 77
692 19 1
693 12 60
694 53 59
695 47 27
696 8 78
697 52 17
698 6 89
699 86 62
700 65 37
701 83 81
702 12 73
703 69 5
704 58 58
705 81 66
706 97 75
707 99 94
708 3 100
709 32 72
710 77 38
711 92 32
712 90 78
713 66 84
714 7 94
715 33 98
716 86 69
717 31 85
718 12 100
719 55 66
720 23 95
721 80 22
722 38 63
723 50 97
724 59 58
725 15 20
726 8 32
727 44 97
728 81 24
729 98 43
730 71 89
731 73 71
732 54 93
733 22 43
734 72 48
735 60 94
736 69 86
737 12 39
738 85 58
739 82 3
740 36 43
741 90 20
742 88 68
743 55 63
744 12 23
745 30 79
746 69 95
747 8 66
748 68 34
749 78 95
750 94 1
751 94 76
752 41 39
753 22 40
754 79 74
755 78 5
756 18 23
757 39 75
758 34 78
759 95 15
760 48 9
761 42 56
762 91 99
763 60 54
764 81 61
765 13 67
766 21 9
767 92 81
768 82 14
769 95 55
770 97 32
771 58 48
772 60 11
773 77 23
774 76 81
775 74 20
776 22 48
777 92 22
778 91 93
779 6 76
780 43 53
781 16 33
782 83 85
783 52 11
784 86 43
785 41 37
786 10 9
787 17 24
788 50 46
789 49 22
790 17 86
791 97 79
792 11 73
793 24 48
794 56 33
795 31 60
796 76 83
797 69 5
798 81 18
799 6 64
800 80 74
801 17 14
802 69 11
803 5 5
804 94 92
805 54 45
806 27 23
807 42 12
808 17 41
809 95 85
810 99 25
811 18 55
812 70 38
813 78 56
814 82 16
815 2 31
816 25 44
817 71 57
818 8 73
819 15 86
820 25 67
821 97 18
822 53 96
823 60 62
824 92 18
825 33 51
826 82 37
827 54 98
828 11 55
829 38 49
830 45 75
831 28 15
832 46 73
833 7 80
834 76 80
835 8 63
836 40 94
837 59 66
838 56 64
839 5 26
840 75 81
841 17 37
842 58 34
843 62 97
844 21 85
845 18 14
846 77 70
847 42 73
848 88 82
849 79 61
850 98 17
851 61 36
852 56 75
853 2 92
854 79 48
855 86 13
856 58 60
857 82 42
858 44 39
859 63 45
860 36 85
861 75 32
862 3 72
863 47 86
864 92 45
865 11 88
866 53 43
867 35 27
868 2 97
869 86 84
870 31 56
871 43 26
872 82 87
873 52 35
874 9 22
875 58 59
876 3 27
877 89 53
878 69 91
879 71 52
880 99 52
881 39 30
882 85 88
883 73 37
884 23 55
885 26 39
886 2 41
887 50 63
888 49 86
889 91 39
890 1 7
891 35 43
892 2 43
893 25 35
894 69 44
895 90 6
896 82 8
897 78 39
898 30 80
899 18 18
900 21 6
901 60 20
902 3 80
903 43 56
904 65 74
905 87 38
906 88 9
907 8 70
908 93 83
909 22 13
910 96 44
911 65 64
912 99 55
913 15 67
914 79 89
915 65 73
916 9 46
917 53 30
918 26 80
919 72 22
920 8 1
921 57 13
922 27 97
923 69 4
924 90 12
925 100 87
926 14 23
927 6 91
928 69 14
929 29 15
930 55 3
931 27 81
932 100 7
933 19 19
934 36 4
935 81 47
936 15 3
937 79 2
938 60 78
939 75 29
940 59 17
941 3 39
942 65 67
943 61 94
944 79 57
945 34 3
946 24 26
947 34 49
948 19 91
949 68 11
950 80 32
951 3 90
952 6 87
953 42 84
954 33 9
955 60 17
956 40 48
957 55 71
958 90 90
959 35 43
960 14 1
961 43 71
962 26 1
963 53 85
964 33 16
965 87 55
966 31 35
967 98 17
968 18 38
969 33 89
970 44 33
971 61 12
972 95 85
973 52 76
974 81 23
975 27 12
976 6 33
977 66 96
978 28 62
979 34 98
980 15 94
981 33 8
982 46 81
983 97 54
984 76 53
985 40 30
986 5 39
987 83 46
988 79 24
989 69 23
990 59 31
991 96 52
992 20 50
993 27 44
994 15 1
995 83 26
996 31 34
997 60 33
998 58 68
999 82 73
1000 82 96
1001 83 66
1002 44 51
1003 81 73
1004 43 93
1005 1 78
1006 72 56
1007 50 81
1008 51 31
1009 5 37
1010 88 74
1011 55 82
1012 43 67
1013 68 30
1014 87 76
1015 90 94
1016 34 87
1017 68 83
1018 21 35
1019 68 36
1020 49 91
1021 22 40
1022 22 87
1023 60 5
1024 59 34
1025 4 56
1026 1 17
1027 78 33
1028 54 100
1029 76 91
1030 81 47
1031 38 19
1032 64 2
1033 68 9
1034 74 37
1035 48 49
1036 25 50
1037 72 9
1038 18 45
1039 3 59
1040 17 16
1041 43 55
1042 19 2
1043 99 96
1044 58 89
1045 24 73
1046 77 90
1047 80 85
1048 11 13
1049 31 41
1050 88 45
1051 77 15
1052 34 27
1053 71 78
1054 47 9
1055 26 81
1056 98 76
1057 81 15
1058 95 4
1059 54 67
1060 35 46
1061 96 7
1062 90 11
1063 77 52
1064 3 41
1065 8 10
1066 90 74
1067 45 60
1068 71 17
1069 55 47
1070 81 52
1071 33 100
1072 69 28
1073 51 13
1074 84 4
1075 64 69
1076 54 58
1077 69 20
1078 26 68
1079 6 2
1080 82 41
1081 10 63
1082 66 75
1083 86 97
1084 89 91
1085 34 61
1086 96 11
1087 4 61
1088 29 95
1089 35 20
1090 68 10
1091 57 28
1092 12 46
1093 86 96
1094 24 50
1095 84 73
1096 41 11
1097 88 74
1098 12 76
1099 8 15
1100 44 63
1101 85 83
1102 30 79
1103 33 61
1104 59 33
1105 54 21
1106 19 9
1107 14 71
1108 94 39
1109 59 48
1110 12 84
1111 23 19
1112 91 22
1113 37 76
1114 97 38
1115 58 88
1116 70 77
1117 61 78
1118 53 22
1119 92 27
1120 98 68
1121 87 63
1122 80 34
1123 42 55
1124 54 74
1125 89 21
1126 3 60
1127 3 85
1128 56 77
1129 29 26
1130 60 45
1131 100 15
1132 73 20
1133 24 32
1134 73 21
1135 23 3
1136 56 77
1137 13 29
1138 67 69
1139 65 13
1140 34 25
1141 20 26
1142 5 91
1143 81 18
1144 83 98
1145 68 80
1146 32 11
1147 26 83
1148 59 64
1149 15 90
1150 56 39
1151 51 70
1152 31 76
1153 81 32
1154 8 70
1155 51 31
1156 89 53
1157 7 88
1158 57 91
1159 11 96
1160 90 26
1161 71 13
1162 76 20
1163 91 54
1164 77 31
1165 34 28
1166 82 16
1167 26 92
1168 75 41
1169 1 38
1170 97 14
1171 56 50
1172 55 84
1173 23 26
1174 97 78
1175 5 86
1176 28 60
1177 72 46
1178 60 85
1179 69 76
1180 94 76
1181 54 34
1182 19 83
1183 87 84
1184 63 58
1185 63 14
1186 75 71
1187 93 87
1188 30 10
1189 78 56
1190 48 5
1191 100 25
1192 75 14
1193 52 8
1194 53 34
1195 38 23
1196 93 8
1197 58 33
1198 22 5
1199 49 6
1200 3 90
1201 80 100
1202 40 4
1203 33 87
1204 89 16
1205 68 19
1206 32 17
1207 71 24
1208 52 97
1209 98 22
1210 38 21
1211 89 58
1212 96 25
1213 2 21
1214 64 49
1215 25 81
1216 64 71
1217 57 2
1218 76 93
1219 20 1
1220 11 30
1221 53 35
1222 7 28
1223 51 4
1224 63 25
1225 81 13
1226 66 62
1227 59 17
1228 8 82
1229 99 37
1230 80 76
1231 58 37
1232 29 29
1233 82 19
1234 13 83
1235 24 80
1236 48 2
1237 54 80
1238 31 25
1239 86 46
1240 64 51
1241 61 39
1242 16 99
1243 90 24
1244 97 75
1245 33 46
1246 49 58
1247 93 83
1248 74 31
1249 46 90
1250 8 54
1251 6 7
1252 5 5
1253 77 91
1254 53 1
1255 15 79
1256 51 23
1257 19 59
1258 98 80
1259 14 30
1260 85 59
1261 95 61
1262 92 23
1263 59 93
1264 72 55
1265 84 60
1266 51 28
1267 18 39
1268 52 61
1269 64 93
1270 22 7
1271 65 82
1272 83 69
1273 14 9
1274 67 76
1275 58 72
1276 72 86
1277 46 83
1278 97 17
1279 93 33
1280 22 80
1281 47 84
1282 99 83
1283 24 92
1284 59 93
1285 65 52
1286 29 35
1287 88 16
1288 15 3
1289 60 15
1290 69 14
1291 82 65
1292 88 69
1293 1 64
1294 71 100
1295 73 100
1296 5 12
1297 90 45
1298 30 9
1299 44 31
1300 56 3
1301 40 53
1302 67 18
1303 8 83
1304 70 58
1305 34 29
1306 13 37
1307 36 10
1308 60 72
1309 44 98
1310 18 64
1311 86 94
1312 61 26
1313 93 2
1314 31 77
1315 26 4
1316 20 69
1317 80 5
1318 24 64
1319 96 4
1320 31 46
1321 4 86
1322 63 93
1323 42 36
1324 16 23
1325 63 40
1326 37 71
1327 17 9
1328 91 40
1329 4 62
1330 98 38
1331 45 85
1332 81 78
1333 60 68
1334 91 9
1335 80 26
1336 52 37
1337 90 88
1338 58 45
1339 5 57
1340 99 55
1341 12 43
1342 47 24
1343 64 54
1344 92 7
1345 7 77
1346 74 50
1347 20 53
1348 62 74
1349 11 6
1350 5 97
1351 64 55
1352 8 71
1353 38 17
1354 57 6
1355 45 67
1356 26 66
1357 99 27
1358 42 61
1359 80 97
1360 4 35
1361 14 65
1362 4 22
1363 62 92
1364 37 34
1365 20 64
1366 10 86
1367 88 12
1368 53 89
1369 30 66
1370 9 100
1371 58 47
1372 51 14
1373 96 65
1374 63 66
1375 34 29
1376 95 36
1377 84 58
1378 13 91
1379 47 14
1380 17 74
1381 54 76
1382 45 74
1383 100 12
1384 16 89
1385 13 100
1386 48 50
1387 98 3
1388 66 26
1389 77 5
1390 1 17
1391 4 67
1392 60 93
1393 65 76
1394 23 18
1395 9 12
1396 58 69
1397 10 87
1398 59 59
1399 62 73
1400 18 15
1401 55 39
1402 11 88
1403 85 30
1404 27 40
1405 80 5
1406 23 50
1407 90 65
1408 55 59
1409 64 20
1410 74 12
1411 63 31
1412 99 10
1413 86 11
1414 48 15
1415 73 46
1416 12 56
1417 24 71
1418 84 89
1419 40 2
1420 98 71
1421 92 3
1422 20 54
1423 57 59
1424 46 72
1425 39 94
1426 88 82
1427 51 74
1428 23 80
1429 88 6
1430 19 98
1431 27 73
1432 47 88
1433 96 83
1434 70 35
1435 44 80
1436 24 93
1437 64 5
1438 87 84
1439 97 40
1440 91 7
1441 16 57
1442 51 6
1443 12 20
1444 38 52
1445 46 80
1446 79 77
1447 87 65
1448 67 26
1449 85 20
1450 88 100
1451 20 51
1452 29 62
1453 45 1
1454 22 10
1455 19 44
1456 45 40
1457 34 91
1458 16 30
1459 82 80
1460 90 21
1461 68 18
1462 48 84
1463 88 13
1464 19 7
1465 97 73
1466 85 61
1467 43 92
1468 42 48
1469 44 8
1470 49 76
1471 65 72
1472 86 47
1473 12 96
1474 39 95
1475 9 69
1476 100 51
1477 11 32
1478 95 2
1479 65 15
1480 100 3
1481 11 86
1482 90 33
1483 74 56
1484 40 4
1485 19 33
1486 75 100
1487 50 34
1488 69 27
1489 43 18
1490 35 82
1491 4 9
1492 21 56
1493 87 47
1494 6 62
1495 4 34
1496 21 47
1497 87 92
1498 74 32
1499 17 89
1500 22 52
1501 86 64
1502 61 86
1503 28 17
1504 10 40
1505 9 91
1506 59 87
1507 13 49
1508 25 95
1509 77 95
1510 68 78
1511 21 81
1512 100 96
1513 93 69
1514 52 60
1515 5 58
1516 11 1
1517 60 89
1518 25 70
1519 78 81
1520 83 85
1521 28 12
1522 15 21
1523 7 19
1524 11 7
1525 91 52
1526 85 97
1527 66 17
1528 76 12
1529 64 30
1530 100 15
1531 7 24
1532 68 80
1533 11 30
1534 65 83
1535 24 75
1536 54 88
1537 20 33
1538 85 29
1539 9 6
1540 45 58
1541 34 83
1542 16 84
1543 44 92
1544 56 71
1545 77 26
1546 99 29
1547 62 25
1548 51 8
1549 55 19
1550 16 47
1551 71 83
1552 33 32
1553 2 90
1554 92 44
1555 41 51
1556 16 15
1557 11 28
1558 36 23
1559 77 91
1560 73 94
1561 66 87
1562 5 28
1563 37 86
1564 77 80
1565 65 76
1566 19 92
1567 71 92
1568 54 92
1569 2 47
1570 76 58
1571 88 75
1572 21 55
1573 46 97
1574 30 49
1575 72 25
1576 86 5
1577 43 78
1578 45 18
1579 13 62
1580 28 84
1581 7 37
1582 27 96
1583 15 85
1584 78 12
1585 6 63
1586 3 18
1587 1 31
1588 79 86
1589 38 7
1590 99 100
1591 30 32
1592 91 18
1593 58 81
1594 33 96
1595 92 97
1596 67 37
1597 3 85
1598 27 54
1599 46 63
1600 22 1
1601 25 99
1602 99 55
1603 17 77
1604 63 99
1605 30 28
1606 5 1
1607 71 8
1608 65 38
1609 81 10
1610 21 86
1611 31 12
1612 93 48
1613 17 24
1614 93 69
1615 98 84
1616 14 47
1617 86 31
1618 5 27
1619 2 75
1620 63 47
1621 8 65
1622 29 65
1623 86 67
1624 32 1
1625 3 43
1626 60 2
1627 99 19
1628 6 14
1629 66 60
1630 63 73
1631 64 36
1632 71 70
1633 55 1
1634 61 98
1635 26 21
1636 67 46
1637 29 60
1638 63 23
1639 14 20
1640 54 27
1641 72 79
1642 4 30
1643 64 59
1644 11 28
1645 60 28
1646 37 62
1647 81 28
1648 4 86
1649 74 89
1650 11 32
1651 56 89
1652 76 100
1653 70 22
1654 23 84
1655 49 81
1656 47 4
1657 43 28
1658 22 43
1659 100 60
1660 38 17
1661 58 24
1662 5 73
1663 52 13
1664 46 8
1665 33 8
1666 37 18
1667 81 12
1668 35 55
1669 99 77
1670 86 6
1671 59 98
1672 24 98
1673 64 13
1674 47 33
1675 19 30
1676 90 14
1677 61 73
1678 97 66
1679 80 27
1680 7 63
1681 62 30
1682 15 19
1683 53 77
1684 97 74
1685 76 48
1686 54 9
1687 49 13
1688 61 83
1689 77 13
1690 44 79
1691 34 69
1692 14 39
1693 22 24
1694 58 49
1695 35 59
1696 51 37
1697 49 27
1698 97 46
1699 64 52
1700 7 39
1701 78 60
1702 43 99
1703 27 38
1704 89 100
1705 51 15
1706 4 23
1707 38 3
1708 4 18
1709 80 57
1710 53 19
1711 43 47
1712 4 48
1713 83 48
1714 18 55
1715 37 37
1716 10 78
1717 48 63
1718 93 27
1719 17 66
1720 8 43
1721 38 3
1722 65 90
1723 16 48
1724 18 18
1725 24 34
1726 87 24
1727 5 95
1728 78 39
1729 23 15
1730 32 72
1731 51 40
1732 89 17
1733 70 93
1734 13 66
1735 78 99
1736 31 60
1737 52 66
1738 57 20
1739 76 2
1740 29 17
1741 81 56
1742 59 62
1743 30 19
1744 27 99
1745 89 43
1746 61 41
1747 84 73
1748 26 55
1749 65 43
1750 39 16
1751 64 6
1752 52 93
1753 74 33
1754 70 28
1755 11 49
1756 96 88
1757 26 59
1758 38 94
1759 6 12
1760 31 11
1761 83 88
1762 86 96
1763 88 81
1764 82 68
1765 21 69
1766 22 37
1767 94 5
1768 31 31
1769 85 30
1770 50 94
1771 79 7
1772 63 15
1773 19 29
1774 65 90
1775 87 42
1776 89 19
1777 29 20
1778 49 62
1779 81 90
1780 14 34
1781 35 20
1782 47 97
1783 60 67
1784 20 96
1785 22 70
1786 17 68
1787 15 81
1788 82 32
1789 67 39
1790 75 92
1791 10 67
1792 60 23
1793 43 19
1794 84 78
1795 73 83
1796 7 84
1797 97 88
1798 65 61
1799 51 50
1800 94 51
1801 52 55
1802 12 14
1803 62 56
1804 60 90
1805 11 20
1806 51 8
1807 30 82
1808 8 3
1809 26 97
1810 80 45
1811 6 2
1812 32 83
1813 78 88
1814 59 86
1815 10 52
1816 28 27
1817 88 18
1818 64 64
1819 33 8
1820 31 39
1821 38 48
1822 1 31
1823 92 88
1824 87 63
1825 80 43
1826 56 99
1827 31 67
1828 35 26
1829 63 62
1830 35 60
1831 4 98
1832 79 91
1833 11 76
1834 86 7
1835 89 44
1836 55 51
1837 18 61
1838 53 79
1839 16 81
1840 40 99
1841 55 2
1842 75 9
1843 1 34
1844 48 66
1845 98 5
1846 28 50
1847 34 40
1848 10 20
1849 29 21
1850 96 100
1851 56 60
1852 42 52
1853 65 1
1854 88 64
1855 14 77
1856 32 97
1857 13 62
1858 69 4
1859 93 63
1860 18 69
1861 61 21
1862 51 83
1863 57 92
1864 26 13
1865 57 21
1866 58 4
1867 49 31
1868 95 90
1869 23 77
1870 88 82
1871 28 53
1872 2 53
1873 23 83
1874 4 18
1875 55 23
1876 74 89
1877 67 97
1878 48 56
1879 44 84
1880 45 25
1881 23 65
1882 57 45
1883 39 27
1884 88 23
1885 82 56
1886 9 34
1887 98 15
1888 43 18
1889 81 43
1890 54 64
1891 75 17
1892 10 66
1893 87 11
1894 90 57
1895 50 48
1896 86 20
1897 98 11
1898 87 99
1899 33 44
1900 62 34
1901 8 84
1902 87 63
1903 49 94
1904 5 67
1905 47 7
1906 15 34
1907 80 26
1908 93 59
1909 2 58
1910 82 28
1911 23 19
1912 87 60
1913 53 81
1914 76 5
1915 83 71
1916 47 67
1917 11 18
1918 60 27
1919 7 63
1920 25 100
1921 21 28
1922 33 23
1923 56 94
1924 2 92
1925 71 2
1926 8 41
1927 29 69
1928 47 8
1929 38 63
1930 28 98
1931 18 77
1932 9 97
1933 30 99
1934 22 87
1935 40 82
1936 79 54
1937 29 64
1938 63 75
1939 91 18
1940 85 36
1941 39 56
1942 90 100
1943 4 62
1944 91 64
1945 87 50
1946 93 75
1947 6 22
1948 24 14
1949 43 39
1950 94 27
1951 22 66
1952 65 54
1953 47 31
1954 50 57
1955 53 81
1956 48 3
1957 52 87
1958 76 78
1959 31 38
1960 62 22
1961 49 96
1962 64 75
1963 36 97
1964 78 40
1965 6 38
1966 30 94
1967 23 79
1968 3 83
1969 38 70
1970 36 60
1971 79 96
1972 59 83
1973 16 39
1974 57 66
1975 44 16
1976 41 53
1977 47 4
1978 92 94
1979 28 84
1980 85 64
1981 13 24
1982 42 68
1983 22 54
1984 65 76
1985 27 46
1986 94 19
1987 3 88
1988 90 85
1989 61 90
1990 1 53
1991 56 28
1992 82 10
1993 54 33
1994 35 23
1995 62 47
1996 38 14
1997 83 21
1998 47 51
1999 51 36
2000 31 41